NAA Scenario 1 Case 1
bestFitness = 1.3438e+05   eta = 6.72%         BestInd: attack Lines: [0  0  1  1  1  0  1  0 || 1  0] a = 31.9373   75.6936         0  -42.3958         0  -14.3702


  0         0         0   95.9571   33.0538   16.0188  -31.9875   21.4976         0  -37.4321         0 -117.0856         0 -184.4360  -12.3341   32.4473


  132.8419 -261.8671   48.1724  -64.1764  -84.2719   34.8866  -22.7817   16.1964         0   14.7997  -48.3989         0         0  -17.2060         0  147.9441


  0  104.2702         0         0  112.7882         0   25.7226  -42.6759  212.7793   30.8465   73.8979  -13.4497  -97.3563         0  -32.6432         0


   36.6817         0   60.2046 -110.5565         0  -60.2128  -17.5976         0  -72.3061         0   37.6955         0   28.9758  -12.5083   97.7144  -67.2559


  166.5479   60.3707 -162.9193         0   16.9162   56.5161   36.4339         0  -76.5433  -13.3984 -113.1452   87.4695   72.1519  -46.6435  -12.8372  173.9842


   17.4336 -100.9890  -96.1375   59.0265 -183.7361   10.6543   91.2697         0  -64.3772   52.5170         0  -69.8747   89.4282   68.9775  148.9379         0


  226.0976   37.8023         0         0   97.0461 -110.2596  -27.6338  -95.5412   99.7946  -33.0442         0  110.3884   62.4479         0         0   24.5292


  194.6908  145.7951         0   12.3272  -24.6705   50.6072         0  -56.6999  107.6002  111.4963   24.2921         0  -22.5946  -26.7748         0   21.7950


   10.8241         0         0   31.3502   12.2044  109.2668  102.4450         0  -11.1047   21.7461         0   42.7035  -41.2319  -42.0735   14.0908         0


  -16.9340   38.8377         0         0  -81.8441         0  -39.1988  -13.6112  -70.5048         0   33.1203  127.3169   28.4865         0         0   13.3360


  -61.5805  -13.0324   18.8954   51.8636  -43.8546   69.3563  -11.6369  -59.2176   34.6777  -93.8035  -11.0619         0  -16.7514  -79.2209         0 -126.8963


 -137.1719   99.1897   53.7103         0  -33.4511         0   90.0965   52.4717  226.0254   10.8678         0  -34.4374  -11.8834   56.3308  125.9452   12.8216


  -27.0809         0   45.8911  -14.1083   20.0791]



NAA Scenario 2
bestFitness =  571.2393     eta = 4.64%      BestInd = [ 0  0  0  1  1  0  1 || 0  1]    a = [-122.9801  -30.5284  -38.5541   29.8611  127.3663  -86.9509 -352.8668


   20.5814  -16.9803         0   44.1178         0  -45.4052   27.3748         0  113.7968  -92.6514  -43.3472   95.5689   21.0441  -45.5093   61.0926   86.8100


  -59.4184   48.5052         0  -24.8454  -45.1187 -110.5105  113.8038   16.1121         0  -54.0843 -129.4185  -47.6417         0   26.0515   22.7979 -124.0457


   53.5740         0  -11.3478         0   37.3010 -114.3680  143.9394   28.0274   39.4270         0   46.9433  109.5364  171.6342   25.2831   21.0977 -136.6844


  -15.6288  -17.0807   89.7237  -19.7156  103.6312  118.0567  -52.8625  111.7414  125.7626   48.1891 -112.6192   40.5612  -86.8033  -37.2026         0  175.0718


   54.5622 -131.8928   47.4338   32.4679  -28.5391         0   71.0950   79.0330   19.1848   82.3813  102.8441   80.8591   25.0556  -91.8156   18.0971  247.0568


         0   64.7927  113.3232         0         0  126.1803         0         0   87.7761  -49.7015         0         0   18.9393   11.1026   55.6601  -67.8657


 -190.8141  142.9762         0  -62.2831   59.4178  -38.8928   31.9102  -11.8174         0 -107.3238   57.2108   63.9272  -32.3820  -90.0493  -17.1453 -103.2654


         0   44.7520 -147.9519  -36.2503  -17.9537   11.3783  -10.8004         0  -28.5164   35.1780  -48.5843   22.9922   66.5711  -59.4195  -63.6670  -21.6498


   79.8245   46.1497   91.7151   80.8310  -45.7501   24.3268  199.1909   31.3413  -11.0760  162.0735  141.9183   11.0350   24.3660         0  -18.3025         0


  -23.0684   34.3027  -78.6880  -52.6884         0         0  -83.3149   12.6263   86.2656   98.1495  -47.6213  -91.1415 -129.1957         0         0         0


         0         0         0         0   21.3093  -67.7416  215.3301  -65.0171  -12.0773   36.7152 -115.1891  -36.7282  250.1744 -326.5499  -24.6463 -121.9578


  173.6191         0  121.1478  -77.4906  115.4285  -13.8854   38.2048   76.5735   24.3845  -90.0256   85.4203 -131.2399   56.3898  -33.0263         0  -15.6404


  -23.5444  -32.6076  -64.2554   18.2512   86.2022]




BDA Scenario 2

BestFitness = 931.6590  eta = -2.54%  BestInd = [0 0 0 0 1 1 0 1 1] 


BDA Scenario 1 Case 1

BestInd = [0  1  1  1  1  0  1  1  0] BestFitness = 1.8455e+05  eta = 9.23%


MOEAD 

BestPosition = [0 0 0 1 1 0 0 0 1] Cost = [8.1183; 0.0809]*10^4



GA Case 1 Scenario 1

BestPosiiton = [0 0 1 1 1 0 1 1 0] BestCost = 1.8458*10^5 eta = 9.23%


GA Scenario 2

BestCost = 884.0429  BestPos = [1 0 0 0 1 1 0 1 1] eta = 1.17%






